accuracy: 0.9898999929428101
architecture: conv1:5x5x24=>2x2[2,2]|conv2:3x3x32=>2x2[2,2]|in1:128|hidden:128|out1:32|out2:10--recur:256
architecture_name: convdeep
batch: 50
column_at_a_time: 7
dataset: mnist
dims: 28
epoch: 100
experiment_name: convdeep-mnist-seq-4---2018-03-03--00-49-43
keep_prob: 0.8
lr: 0.0002
max_seq_length: 28
optimizer: AdamOptimizer
regularizer: 0.0
seq_length: 4
val_accuracy: 0.9879999756813049
