accuracy: 0.9021999835968018
architecture: conv1:5x5x24=>2x2[2,2]|conv2:3x3x32=>2x2[2,2]|in1:128|hidden:128|out1:32|out2:10--recur:256
architecture_name: convdeep
batch: 50
column_at_a_time: 4
dataset: fashion-mnist
dims: 28
epoch: 100
experiment_name: convdeep-fashion-mnist-seq-7---2018-03-02--23-11-05
keep_prob: 0.8
lr: 0.0002
max_seq_length: 28
optimizer: AdamOptimizer
regularizer: 0.0
seq_length: 7
val_accuracy: 0.9100000262260437
