accuracy: 0.8507000207901001
architecture: in1:375|hidden:750|out1:375|out2:10--recur:375
architecture_name: s3_network
batch: 50
column_at_a_time: 28
dataset: fashion-mnist
dims: 28
epoch: 50
experiment_name: s3-fashion-mnist-seq-1---2017-12-10--15-16-17
keep_prob: 0.5
lr: 0.0003
max_seq_length: 28
optimizer: AdamOptimizer
seq_length: 1
val_accuracy: 0.8603333234786987
