accuracy: 0.9067000150680542
architecture: conv1:5x5x24=>2x2[2,2]|conv2:3x3x32=>2x2[2,2]|in1:128|hidden:128|out1:32|out2:10--recur:256
architecture_name: convdeep
batch: 50
column_at_a_time: 7
dataset: fashion-mnist
dims: 28
epoch: 100
experiment_name: convdeep-fashion-mnist-seq-4---2018-03-02--23-41-06
keep_prob: 0.8
lr: 0.0002
max_seq_length: 28
optimizer: AdamOptimizer
regularizer: 0.0
seq_length: 4
val_accuracy: 0.9143333435058594
