accuracy: 0.9902999997138977
architecture: conv1:5x5x24=>2x2[2,2]|conv2:3x3x32=>2x2[2,2]|in1:128|hidden:128|out1:32|out2:10--recur:256
architecture_name: convdeep
batch: 50
column_at_a_time: 7
dataset: mnist-3-digits-maj
dims: 28
epoch: 200
experiment_name: convdeep-mnist-3-digits-maj-seq-12---2018-02-21--01-20-50
keep_prob: 0.8
lr: 0.0001
max_seq_length: 84
optimizer: AdamOptimizer
regularizer: 0.0
seq_length: 12
val_accuracy: 0.9865833520889282
